0.494198
-0.171402
0.301212
0.467813
-0.582093
0.009868
0.326127
-0.417506
-0.240063
0.456446
0.179727
-0.077539
0.473119
0.313460
-0.279131
0.208917
-0.115134
-0.348938
0.028890
-0.113231
0.119921
0.070352
0.149733
0.309651
0.231719
0.010468
0.246805
0.019763
-0.254373
0.057559
0.089920
0.029826
-0.061301
-0.242884
-0.019217
0.364015
-0.072648
-0.039649
0.125050
-0.079062
-0.074672
0.135095
-0.015157
-0.008366
0.145095
0.062642
0.167150
-0.083783
-0.117059
-0.027868
0.086600
-0.071064
0.058638
-0.196638
0.046199
0.113187
-0.103049
0.019503
0.043696
-0.049644
0.056215
0.071933
-0.240934
-0.045173
0.117401
0.006838
0.064591
-0.026677
0.276662
-0.034707
0.079522
-0.057196
0.384798
-0.274857
0.037961
0.218282
-0.609388
-0.014194
-0.015886
-0.681313
-0.313929
0.364871
0.117255
-0.274800
0.174169
0.276523
-0.283730
-0.024909
-0.128179
-0.420420
0.082421
-0.123274
0.050821
0.040521
-0.072174
0.143070
0.109780
0.061704
0.350693
-0.032599
-0.127968
0.336014
-0.183227
0.127514
0.158505
-0.028905
0.015894
0.185998
-0.080427
0.056828
0.160213
-0.195589
-0.002419
0.374390
0.062047
-0.048290
0.054389
-0.242580
0.182927
-0.094248
0.075276
0.111426
0.047470
0.035410
0.021779
0.126183
0.158052
-0.044843
-0.048412
0.017255
0.045793
0.050254
0.031010
0.052709
0.057549
0.153259
0.043525
0.094423
0.160104
-0.059895
-0.044044
0.001650
0.013702
-0.073674
0.579215
-0.252722
0.313583
0.516945
-0.600403
-0.132236
0.242908
-0.515387
-0.042197
0.167576
0.253653
-0.339208
0.102255
-0.010137
-0.314853
-0.031821
0.002974
-0.345782
-0.138845
-0.122364
0.113906
-0.133272
-0.122689
0.253046
0.014863
-0.193657
0.202649
-0.052055
-0.023571
0.292244
0.030717
-0.085057
0.362003
-0.033864
-0.111812
0.300736
-0.005238
0.097461
0.126019
0.014432
-0.083007
0.195178
-0.162941
0.078902
0.167353
0.027160
0.142941
-0.219350
-0.044377
0.076246
-0.113692
-0.048081
0.033110
-0.097531
0.047484
0.129278
-0.005894
0.146076
0.063414
-0.397200
-0.117571
-0.059210
-0.011180
-0.108697
0.101707
-0.137041
-0.070489
-0.035425
-0.093846
-0.084920
-0.067316
0.242909
